              precision    recall  f1-score   support

         0.0       1.00      1.00      1.00         8
         1.0       1.00      0.88      0.93         8
         2.0       1.00      1.00      1.00         8
         3.0       1.00      0.75      0.86         8
         4.0       0.89      1.00      0.94         8
         5.0       1.00      1.00      1.00         8
         6.0       1.00      1.00      1.00         8
         7.0       1.00      1.00      1.00         8
         8.0       0.57      1.00      0.73         8
         9.0       1.00      1.00      1.00         8
        10.0       1.00      1.00      1.00         8
        11.0       1.00      1.00      1.00         8
        12.0       0.89      1.00      0.94         8
        13.0       1.00      1.00      1.00         8
        14.0       1.00      0.38      0.55         8
        15.0       1.00      1.00      1.00         8
        16.0       1.00      1.00      1.00         8
        17.0       0.89      1.00      0.94         8
        18.0       1.00      1.00      1.00         8
        19.0       0.89      1.00      0.94         8
        20.0       1.00      1.00      1.00         8
        21.0       1.00      1.00      1.00         8
        22.0       1.00      1.00      1.00         8
        23.0       1.00      1.00      1.00         8
        24.0       1.00      1.00      1.00         8
        25.0       1.00      0.75      0.86         8
        26.0       1.00      1.00      1.00         8
        27.0       1.00      1.00      1.00         8
        28.0       0.88      0.88      0.88         8
        29.0       1.00      1.00      1.00         8
        30.0       1.00      0.75      0.86         8
        31.0       1.00      0.75      0.86         8
        32.0       1.00      0.75      0.86         8
        33.0       1.00      0.88      0.93         8
        34.0       1.00      0.62      0.77         8
        35.0       0.89      1.00      0.94         8
        36.0       0.80      1.00      0.89         8
        37.0       0.80      1.00      0.89         8
        38.0       1.00      1.00      1.00         8
        39.0       0.89      1.00      0.94         8
        40.0       0.89      1.00      0.94         8
        41.0       1.00      0.88      0.93         8
        42.0       1.00      1.00      1.00         8
        43.0       1.00      1.00      1.00         8
        44.0       1.00      0.88      0.93         8
        45.0       1.00      1.00      1.00         8
        46.0       1.00      1.00      1.00         8
        47.0       1.00      0.62      0.77         8
        48.0       1.00      1.00      1.00         8
        49.0       1.00      1.00      1.00         8
        50.0       1.00      1.00      1.00         8
        51.0       0.89      1.00      0.94         8
        52.0       0.89      1.00      0.94         8
        53.0       0.78      0.88      0.82         8
        54.0       0.57      1.00      0.73         8
        55.0       1.00      1.00      1.00         8
        56.0       1.00      0.88      0.93         8
        57.0       1.00      0.62      0.77         8
        58.0       0.89      1.00      0.94         8
        59.0       1.00      1.00      1.00         8
        60.0       1.00      1.00      1.00         8
        61.0       0.80      1.00      0.89         8
        62.0       1.00      0.75      0.86         8
        63.0       1.00      0.88      0.93         8
        64.0       0.80      1.00      0.89         8
        65.0       1.00      1.00      1.00         8
        66.0       1.00      0.75      0.86         8
        67.0       0.62      1.00      0.76         8
        68.0       1.00      0.62      0.77         8
        69.0       1.00      1.00      1.00         8
        70.0       1.00      1.00      1.00         8
        71.0       0.50      1.00      0.67         8
        72.0       0.88      0.88      0.88         8
        73.0       1.00      1.00      1.00         8
        74.0       1.00      1.00      1.00         8
        75.0       1.00      0.88      0.93         8
        76.0       1.00      1.00      1.00         8
        77.0       0.89      1.00      0.94         8
        78.0       1.00      0.75      0.86         8
        79.0       0.73      1.00      0.84         8
        80.0       0.88      0.88      0.88         8
        81.0       1.00      1.00      1.00         8
        82.0       1.00      1.00      1.00         8
        83.0       1.00      1.00      1.00         8
        84.0       1.00      1.00      1.00         8
        85.0       1.00      0.62      0.77         8
        86.0       1.00      1.00      1.00         8
        87.0       1.00      0.88      0.93         8
        88.0       1.00      0.88      0.93         8
        89.0       1.00      1.00      1.00         8
        90.0       1.00      1.00      1.00         8
        91.0       1.00      1.00      1.00         8
        92.0       1.00      0.88      0.93         8
        93.0       1.00      1.00      1.00         8
        94.0       0.80      1.00      0.89         8
        95.0       1.00      1.00      1.00         8
        96.0       1.00      1.00      1.00         8
        97.0       0.89      1.00      0.94         8
        98.0       1.00      0.88      0.93         8
        99.0       0.57      1.00      0.73         8
       100.0       1.00      0.88      0.93         8
       101.0       1.00      1.00      1.00         8
       102.0       1.00      1.00      1.00         8
       103.0       1.00      1.00      1.00         8
       104.0       0.89      1.00      0.94         8
       105.0       1.00      1.00      1.00         8
       106.0       1.00      1.00      1.00         8
       107.0       1.00      0.88      0.93         8
       108.0       1.00      1.00      1.00         8
       109.0       0.89      1.00      0.94         8
       110.0       1.00      1.00      1.00         8
       111.0       1.00      0.88      0.93         8
       112.0       1.00      1.00      1.00         8
       113.0       0.86      0.75      0.80         8
       114.0       1.00      0.62      0.77         8
       115.0       1.00      1.00      1.00         8
       116.0       0.78      0.88      0.82         8
       117.0       1.00      1.00      1.00         8
       118.0       0.89      1.00      0.94         8
       119.0       1.00      0.97      0.98        29
       120.0       1.00      1.00      1.00         8
       121.0       1.00      1.00      1.00         8
       122.0       1.00      1.00      1.00        15
       123.0       1.00      1.00      1.00         8
       124.0       1.00      1.00      1.00         8
       125.0       1.00      1.00      1.00         8
       126.0       1.00      1.00      1.00        15
       127.0       1.00      0.88      0.93         8
       128.0       1.00      1.00      1.00         8
       129.0       1.00      1.00      1.00         8
       130.0       1.00      0.87      0.93        15
       131.0       1.00      1.00      1.00        36
       132.0       0.89      1.00      0.94         8
       133.0       1.00      1.00      1.00         8
       134.0       1.00      0.91      0.95        58
       135.0       0.89      1.00      0.94         8
       136.0       1.00      0.88      0.93         8
       137.0       1.00      0.93      0.97        15
       138.0       1.00      1.00      1.00         8
       139.0       1.00      1.00      1.00         8
       140.0       0.89      1.00      0.94         8
       141.0       1.00      1.00      1.00         8
       142.0       1.00      1.00      1.00        15
       143.0       1.00      1.00      1.00        15
       144.0       1.00      1.00      1.00        15
       145.0       1.00      0.97      0.98        29
       146.0       1.00      1.00      1.00         8
       147.0       1.00      1.00      1.00         8
       148.0       1.00      1.00      1.00         8
       149.0       1.00      1.00      1.00         8
       150.0       1.00      1.00      1.00         8
       151.0       1.00      1.00      1.00         8
       152.0       1.00      1.00      1.00         8
       153.0       1.00      1.00      1.00         8
       154.0       1.00      1.00      1.00         8
       155.0       1.00      1.00      1.00         8
       156.0       0.92      1.00      0.96        22
       157.0       1.00      1.00      1.00         8
       158.0       1.00      1.00      1.00         8
       159.0       1.00      1.00      1.00        15
       160.0       1.00      0.88      0.93         8
       161.0       1.00      1.00      1.00         8
       162.0       1.00      0.88      0.93         8
       163.0       1.00      1.00      1.00        15
       164.0       0.73      1.00      0.84         8
       165.0       1.00      1.00      1.00         8
       166.0       0.80      1.00      0.89         8
       167.0       0.98      0.97      0.97        58
       168.0       1.00      1.00      1.00         8
       169.0       1.00      0.75      0.86         8
       170.0       1.00      1.00      1.00         8
       171.0       1.00      1.00      1.00         8
       172.0       1.00      1.00      1.00         8
       173.0       1.00      1.00      1.00         8
       174.0       1.00      0.88      0.93         8
       175.0       0.89      1.00      0.94         8
       176.0       1.00      1.00      1.00         8
       177.0       1.00      1.00      1.00         8
       178.0       1.00      1.00      1.00         8
       179.0       1.00      1.00      1.00         8
       180.0       1.00      1.00      1.00         8
       181.0       1.00      1.00      1.00         8
       182.0       1.00      1.00      1.00        15
       183.0       1.00      1.00      1.00        22
       184.0       1.00      1.00      1.00         8
       185.0       0.94      1.00      0.97        15
       186.0       1.00      1.00      1.00         8
       187.0       1.00      1.00      1.00         8
       188.0       1.00      1.00      1.00         8
       189.0       1.00      0.95      0.97        58
       190.0       1.00      1.00      1.00         8
       191.0       1.00      0.88      0.93         8
       192.0       1.00      1.00      1.00         8
       193.0       1.00      1.00      1.00         8
       194.0       1.00      1.00      1.00         8
       195.0       1.00      1.00      1.00         8
       196.0       1.00      1.00      1.00         8
       197.0       0.80      1.00      0.89         8
       198.0       1.00      0.88      0.93         8
       199.0       1.00      1.00      1.00         8
       200.0       1.00      1.00      1.00         8
       201.0       1.00      0.88      0.93         8
       202.0       1.00      1.00      1.00         8
       203.0       0.88      1.00      0.94        15
       204.0       1.00      1.00      1.00         8
       205.0       1.00      1.00      1.00        15
       206.0       1.00      0.93      0.97        15
       207.0       1.00      1.00      1.00         8
       208.0       0.92      1.00      0.96        36
       209.0       1.00      1.00      1.00         8
       210.0       1.00      1.00      1.00         8
       211.0       1.00      1.00      1.00         8
       212.0       1.00      1.00      1.00        15
       213.0       1.00      1.00      1.00         8
       214.0       1.00      1.00      1.00         8
       215.0       1.00      1.00      1.00         8
       216.0       1.00      1.00      1.00         8
       217.0       1.00      1.00      1.00         8
       218.0       1.00      1.00      1.00         8
       219.0       1.00      1.00      1.00         8
       220.0       1.00      1.00      1.00         8
       221.0       1.00      1.00      1.00         8
       222.0       1.00      0.88      0.93         8
       223.0       1.00      1.00      1.00        15
       224.0       1.00      0.75      0.86         8
       225.0       1.00      1.00      1.00         8
       226.0       1.00      1.00      1.00         8
       227.0       1.00      0.93      0.97        15
       228.0       1.00      1.00      1.00         8
       229.0       1.00      1.00      1.00         8
       230.0       1.00      1.00      1.00         8
       231.0       1.00      1.00      1.00        51
       232.0       1.00      1.00      1.00         8
       233.0       1.00      1.00      1.00         8
       234.0       1.00      1.00      1.00         8
       235.0       1.00      1.00      1.00         8
       236.0       1.00      1.00      1.00         8
       237.0       1.00      1.00      1.00         8
       238.0       1.00      1.00      1.00        15
       239.0       1.00      1.00      1.00         8
       240.0       1.00      1.00      1.00         8
       241.0       1.00      1.00      1.00         8
       242.0       1.00      1.00      1.00        15
       243.0       1.00      1.00      1.00        15
       244.0       1.00      1.00      1.00         8
       245.0       1.00      1.00      1.00         8
       246.0       1.00      1.00      1.00        15
       247.0       1.00      1.00      1.00         8
       248.0       1.00      1.00      1.00         8
       249.0       1.00      1.00      1.00         8
       250.0       1.00      1.00      1.00         8
       251.0       1.00      1.00      1.00         8
       252.0       1.00      0.95      0.98        44
       253.0       1.00      1.00      1.00         8
       254.0       1.00      0.98      0.99        44
       255.0       1.00      0.95      0.98        22
       256.0       1.00      1.00      1.00         8
       257.0       1.00      1.00      1.00         8
       258.0       1.00      1.00      1.00         8
       259.0       1.00      1.00      1.00        22
       260.0       0.89      1.00      0.94         8
       261.0       1.00      1.00      1.00         8
       262.0       1.00      1.00      1.00        15
       263.0       0.96      1.00      0.98        22
       264.0       1.00      0.91      0.95        22
       265.0       1.00      0.97      0.98        29
       266.0       1.00      1.00      1.00         8
       267.0       1.00      0.97      0.98        29
       268.0       0.90      1.00      0.95        36
       269.0       1.00      1.00      1.00         8
       270.0       1.00      1.00      1.00         8
       271.0       1.00      1.00      1.00         8
       272.0       1.00      1.00      1.00         8
       273.0       1.00      0.93      0.97        15
       274.0       1.00      1.00      1.00         8
       275.0       1.00      1.00      1.00         8
       276.0       1.00      0.88      0.93         8
       277.0       1.00      1.00      1.00         8
       278.0       1.00      1.00      1.00         8
       279.0       1.00      1.00      1.00         8
       280.0       1.00      1.00      1.00         8
       281.0       1.00      1.00      1.00        15
       282.0       1.00      1.00      1.00         8
       283.0       1.00      1.00      1.00         8
       284.0       1.00      0.93      0.97        15
       285.0       1.00      1.00      1.00         8
       286.0       1.00      1.00      1.00         8
       287.0       1.00      1.00      1.00        44
       288.0       1.00      1.00      1.00         8
       289.0       1.00      1.00      1.00         8
       290.0       1.00      0.88      0.93         8
       291.0       1.00      1.00      1.00         8
       292.0       1.00      0.88      0.93         8
       293.0       1.00      0.88      0.93         8
       294.0       0.89      1.00      0.94         8
       295.0       1.00      1.00      1.00         8
       296.0       1.00      1.00      1.00         8
       297.0       1.00      1.00      1.00        15
       298.0       1.00      1.00      1.00        22
       299.0       1.00      1.00      1.00         8
       300.0       1.00      1.00      1.00         8
       301.0       1.00      1.00      1.00         8
       302.0       1.00      1.00      1.00        29
       303.0       1.00      1.00      1.00         8
       304.0       0.65      1.00      0.79        15
       305.0       1.00      0.94      0.97        36
       306.0       1.00      1.00      1.00         8
       307.0       1.00      0.88      0.93         8
       308.0       1.00      1.00      1.00         8
       309.0       1.00      1.00      1.00         8
       310.0       1.00      0.88      0.93         8
       311.0       1.00      1.00      1.00         8
       312.0       1.00      1.00      1.00         8
       313.0       0.97      0.99      0.98      1700
       314.0       1.00      1.00      1.00         8
       315.0       1.00      1.00      1.00         8
       316.0       1.00      0.88      0.93         8
       317.0       1.00      1.00      1.00         8
       318.0       1.00      1.00      1.00        22
       319.0       1.00      1.00      1.00         8
       320.0       1.00      1.00      1.00         8
       321.0       1.00      1.00      1.00         8
       322.0       1.00      1.00      1.00         8
       323.0       1.00      1.00      1.00         8
       324.0       1.00      0.88      0.93         8
       325.0       1.00      0.88      0.93         8
       326.0       1.00      1.00      1.00         8
       327.0       1.00      1.00      1.00         8
       328.0       0.94      1.00      0.97        15
       329.0       1.00      1.00      1.00         8
       330.0       1.00      1.00      1.00         8
       331.0       0.89      1.00      0.94         8
       332.0       1.00      1.00      1.00         8
       333.0       0.97      1.00      0.98        29
       334.0       1.00      1.00      1.00         8
       335.0       1.00      1.00      1.00         8
       336.0       1.00      1.00      1.00         8
       337.0       1.00      1.00      1.00         8
       338.0       1.00      1.00      1.00         8
       339.0       0.88      0.88      0.88         8
       340.0       1.00      1.00      1.00        15
       341.0       1.00      1.00      1.00         8
       342.0       1.00      1.00      1.00         8
       343.0       1.00      1.00      1.00         8
       344.0       1.00      1.00      1.00         8
       345.0       1.00      1.00      1.00         8
       346.0       1.00      1.00      1.00         8
       347.0       1.00      1.00      1.00         8
       348.0       1.00      1.00      1.00         8
       349.0       1.00      1.00      1.00         8
       350.0       1.00      1.00      1.00         8
       351.0       1.00      1.00      1.00         8
       352.0       1.00      1.00      1.00         8
       353.0       1.00      1.00      1.00         8
       354.0       1.00      1.00      1.00         8
       355.0       1.00      1.00      1.00         8
       356.0       1.00      0.93      0.96        29
       357.0       1.00      1.00      1.00         8
       358.0       0.68      1.00      0.81        15
       359.0       1.00      1.00      1.00         8
       360.0       1.00      1.00      1.00         8
       361.0       1.00      1.00      1.00         8
       362.0       1.00      0.93      0.97        15
       363.0       1.00      1.00      1.00         8
       364.0       0.88      1.00      0.94        15
       365.0       0.90      1.00      0.95        36
       366.0       0.97      0.97      0.97        29
       367.0       1.00      0.88      0.93         8
       368.0       1.00      1.00      1.00         8
       369.0       1.00      1.00      1.00         8
       370.0       1.00      1.00      1.00         8
       371.0       1.00      1.00      1.00         8
       372.0       1.00      1.00      1.00         8
       373.0       1.00      1.00      1.00         8
       374.0       0.94      1.00      0.97        15
       375.0       1.00      0.88      0.93         8
       376.0       0.80      1.00      0.89         8
       377.0       1.00      1.00      1.00         8
       378.0       1.00      1.00      1.00         8
       379.0       1.00      1.00      1.00        15
       380.0       1.00      1.00      1.00         8
       381.0       1.00      1.00      1.00        22
       382.0       1.00      1.00      1.00         8
       383.0       1.00      1.00      1.00         8
       384.0       1.00      1.00      1.00         8
       385.0       1.00      0.93      0.97        15
       386.0       1.00      1.00      1.00         8
       387.0       1.00      1.00      1.00         8
       388.0       1.00      0.88      0.93         8
       389.0       1.00      1.00      1.00         8
       390.0       1.00      1.00      1.00        15
       391.0       1.00      1.00      1.00        15
       392.0       1.00      0.88      0.93         8
       393.0       1.00      1.00      1.00         8
       394.0       1.00      0.88      0.93         8
       395.0       1.00      1.00      1.00         8
       396.0       1.00      0.88      0.93         8
       397.0       1.00      0.88      0.93         8
       398.0       1.00      1.00      1.00         8
       399.0       1.00      1.00      1.00         8
       400.0       1.00      1.00      1.00         8
       401.0       1.00      1.00      1.00         8
       402.0       1.00      1.00      1.00         8
       403.0       1.00      1.00      1.00         8
       404.0       1.00      1.00      1.00         8
       405.0       1.00      1.00      1.00         8
       406.0       1.00      1.00      1.00        15
       407.0       1.00      1.00      1.00        15
       408.0       1.00      1.00      1.00         8
       409.0       1.00      1.00      1.00         8
       410.0       1.00      0.94      0.97        36
       411.0       1.00      0.93      0.97        15
       412.0       1.00      1.00      1.00        15
       413.0       1.00      1.00      1.00         8
       414.0       1.00      1.00      1.00         8
       415.0       0.97      0.97      0.97        36
       416.0       1.00      0.88      0.93         8
       417.0       0.88      0.88      0.88         8
       418.0       1.00      1.00      1.00         8
       419.0       1.00      1.00      1.00         8
       420.0       0.97      0.92      0.94        36
       421.0       1.00      1.00      1.00         8
       422.0       1.00      0.88      0.93         8
       423.0       1.00      1.00      1.00        15
       424.0       1.00      1.00      1.00         8
       425.0       1.00      1.00      1.00         8
       426.0       1.00      1.00      1.00         8
       427.0       1.00      1.00      1.00         8
       428.0       1.00      1.00      1.00         8
       429.0       1.00      1.00      1.00         8
       430.0       1.00      1.00      1.00         8
       431.0       1.00      1.00      1.00         8
       432.0       1.00      1.00      1.00         8
       433.0       1.00      1.00      1.00         8
       434.0       1.00      1.00      1.00         8
       435.0       1.00      1.00      1.00        22
       436.0       1.00      1.00      1.00         8
       437.0       1.00      0.88      0.93         8
       438.0       1.00      1.00      1.00        15
       439.0       1.00      1.00      1.00         8
       440.0       0.89      1.00      0.94         8
       441.0       0.94      1.00      0.97        15
       442.0       1.00      0.97      0.98        29
       443.0       1.00      0.88      0.93         8
       444.0       1.00      1.00      1.00         8
       445.0       1.00      1.00      1.00        15
       446.0       1.00      1.00      1.00         8
       447.0       1.00      1.00      1.00         8
       448.0       1.00      1.00      1.00        15
       449.0       1.00      1.00      1.00         8
       450.0       1.00      1.00      1.00         8
       451.0       0.89      1.00      0.94         8
       452.0       1.00      1.00      1.00         8
       453.0       1.00      1.00      1.00         8
       454.0       1.00      1.00      1.00        15
       455.0       1.00      1.00      1.00         8
       456.0       1.00      1.00      1.00         8
       457.0       0.80      1.00      0.89         8
       458.0       1.00      1.00      1.00         8
       459.0       1.00      1.00      1.00         8
       460.0       1.00      0.93      0.97        15
       461.0       1.00      1.00      1.00         8
       462.0       1.00      0.93      0.97        15
       463.0       1.00      1.00      1.00         8
       464.0       1.00      1.00      1.00         8
       465.0       1.00      1.00      1.00         8
       466.0       1.00      1.00      1.00         8
       467.0       1.00      0.94      0.97        36
       468.0       1.00      1.00      1.00         8
       469.0       1.00      1.00      1.00         8
       470.0       1.00      1.00      1.00         8
       471.0       1.00      1.00      1.00         8
       472.0       1.00      1.00      1.00         8
       473.0       1.00      1.00      1.00         8
       474.0       0.80      1.00      0.89         8
       475.0       1.00      1.00      1.00         8
       476.0       1.00      1.00      1.00         8
       477.0       1.00      1.00      1.00         8
       478.0       1.00      1.00      1.00         8
       479.0       0.73      1.00      0.84         8
       480.0       0.80      1.00      0.89         8
       481.0       1.00      1.00      1.00        15
       482.0       0.97      1.00      0.98        29
       483.0       1.00      0.94      0.97        36
       484.0       1.00      1.00      1.00         8
       485.0       1.00      1.00      1.00         8
       486.0       1.00      1.00      1.00         8
       487.0       1.00      1.00      1.00        15
       488.0       1.00      1.00      1.00         8
       489.0       1.00      1.00      1.00        22
       490.0       1.00      1.00      1.00        22
       491.0       1.00      1.00      1.00        15
       492.0       1.00      1.00      1.00        22
       493.0       0.97      0.97      0.97        36
       494.0       1.00      1.00      1.00         8
       495.0       0.98      0.96      0.97       159
       496.0       1.00      1.00      1.00         8
       497.0       0.93      0.93      0.93        15
       498.0       1.00      1.00      1.00         8
       499.0       1.00      1.00      1.00         8
       500.0       1.00      1.00      1.00        22
       501.0       1.00      1.00      1.00         8
       502.0       1.00      1.00      1.00         8
       503.0       1.00      0.95      0.98        87
       504.0       1.00      1.00      1.00         8
       505.0       0.93      0.90      0.91        29
       506.0       1.00      1.00      1.00         8
       507.0       1.00      1.00      1.00         8
       508.0       1.00      1.00      1.00         8
       509.0       1.00      1.00      1.00         8
       510.0       1.00      1.00      1.00         8
       511.0       1.00      1.00      1.00         8
       512.0       1.00      1.00      1.00         8
       513.0       1.00      1.00      1.00         8
       514.0       0.93      0.97      0.95       512
       515.0       0.89      1.00      0.94         8
       516.0       1.00      1.00      1.00        29
       517.0       0.89      1.00      0.94         8
       518.0       1.00      1.00      1.00         8
       519.0       1.00      1.00      1.00         8
       520.0       1.00      1.00      1.00         8
       521.0       1.00      0.88      0.93         8
       522.0       1.00      1.00      1.00         8
       523.0       1.00      0.88      0.93         8
       524.0       1.00      1.00      1.00         8
       525.0       1.00      1.00      1.00         8
       526.0       0.85      1.00      0.92        22
       527.0       1.00      1.00      1.00         8
       528.0       1.00      1.00      1.00         8
       529.0       1.00      1.00      1.00         8
       530.0       0.96      1.00      0.98        22
       531.0       1.00      1.00      1.00        15
       532.0       1.00      0.73      0.85        15
       533.0       0.89      1.00      0.94         8
       534.0       1.00      1.00      1.00         8
       535.0       1.00      1.00      1.00         8
       536.0       1.00      1.00      1.00         8
       537.0       1.00      1.00      1.00         8
       538.0       1.00      1.00      1.00         8
       539.0       0.73      1.00      0.84         8
       540.0       0.93      0.93      0.93        15
       541.0       1.00      1.00      1.00         8
       542.0       0.97      0.97      0.97        36
       543.0       1.00      1.00      1.00         8
       544.0       0.94      1.00      0.97       101
       545.0       1.00      1.00      1.00         8
       546.0       0.94      1.00      0.97        15
       547.0       1.00      1.00      1.00         8
       548.0       1.00      1.00      1.00         8
       549.0       1.00      1.00      1.00         8
       550.0       1.00      1.00      1.00         8
       551.0       1.00      0.88      0.93         8
       552.0       1.00      0.93      0.97        15
       553.0       0.89      1.00      0.94         8
       554.0       1.00      1.00      1.00        15
       555.0       1.00      0.88      0.93         8
       556.0       1.00      1.00      1.00         8
       557.0       1.00      0.97      0.98        29
       558.0       1.00      1.00      1.00         8
       559.0       1.00      1.00      1.00         8
       560.0       1.00      1.00      1.00         8
       561.0       1.00      1.00      1.00         8
       562.0       1.00      1.00      1.00         8
       563.0       1.00      0.88      0.93         8
       564.0       1.00      1.00      1.00         8
       565.0       0.95      0.91      0.93        44
       566.0       1.00      1.00      1.00         8
       567.0       1.00      1.00      1.00         8
       568.0       1.00      0.98      0.99        51
       569.0       1.00      1.00      1.00        15
       570.0       1.00      1.00      1.00         8
       571.0       1.00      1.00      1.00         8
       572.0       0.80      1.00      0.89         8
       573.0       1.00      1.00      1.00         8
       574.0       1.00      1.00      1.00        29
       575.0       1.00      1.00      1.00         8
       576.0       1.00      0.97      0.98        29
       577.0       1.00      1.00      1.00         8
       578.0       0.98      0.97      0.98        65
       579.0       1.00      1.00      1.00         8
       580.0       1.00      0.93      0.97        15
       581.0       1.00      1.00      1.00         8
       582.0       1.00      1.00      1.00         8
       583.0       1.00      0.97      0.98        29
       584.0       1.00      1.00      1.00         8
       585.0       1.00      1.00      1.00         8
       586.0       1.00      1.00      1.00         8
       587.0       1.00      1.00      1.00         8
       588.0       1.00      1.00      1.00        15
       589.0       1.00      1.00      1.00         8
       590.0       0.89      1.00      0.94         8
       591.0       1.00      0.95      0.98        22
       592.0       1.00      1.00      1.00        15
       593.0       1.00      1.00      1.00         8
       594.0       1.00      1.00      1.00         8
       595.0       1.00      1.00      1.00         8
       596.0       0.73      1.00      0.84         8
       597.0       1.00      1.00      1.00         8
       598.0       1.00      1.00      1.00         8
       599.0       1.00      1.00      1.00         8
       600.0       1.00      0.93      0.97        15
       601.0       0.89      1.00      0.94         8
       602.0       1.00      1.00      1.00         8
       603.0       1.00      1.00      1.00        15
       604.0       1.00      1.00      1.00         8
       605.0       1.00      1.00      1.00        15
       606.0       1.00      1.00      1.00         8
       607.0       1.00      0.92      0.96        65
       608.0       0.93      0.93      0.93        15
       609.0       1.00      1.00      1.00       123
       610.0       1.00      1.00      1.00         8
       611.0       1.00      1.00      1.00         8
       612.0       1.00      1.00      1.00         8
       613.0       0.98      0.98      0.98        58
       614.0       1.00      1.00      1.00         8
       615.0       1.00      1.00      1.00         8
       616.0       1.00      1.00      1.00         8
       617.0       0.98      0.98      0.98       123
       618.0       0.96      1.00      0.98        22
       619.0       1.00      0.93      0.97        15
       620.0       1.00      1.00      1.00         8
       621.0       1.00      1.00      1.00         8
       622.0       0.89      1.00      0.94         8
       623.0       1.00      1.00      1.00         8
       624.0       0.94      1.00      0.97        15
       625.0       0.94      1.00      0.97        15
       626.0       1.00      0.87      0.93        15
       627.0       1.00      0.88      0.93         8
       628.0       1.00      0.96      0.98        51
       629.0       1.00      1.00      1.00         8
       630.0       1.00      1.00      1.00         8
       631.0       1.00      1.00      1.00         8
       632.0       1.00      1.00      1.00         8
       633.0       1.00      1.00      1.00         8
       634.0       0.98      0.98      0.98        44
       635.0       1.00      1.00      1.00        15
       636.0       1.00      1.00      1.00         8
       637.0       1.00      1.00      1.00         8
       638.0       1.00      1.00      1.00         8
       639.0       1.00      1.00      1.00         8
       640.0       1.00      1.00      1.00        22
       641.0       1.00      0.91      0.95        22
       642.0       1.00      1.00      1.00         8
       643.0       0.88      1.00      0.94        15
       644.0       1.00      0.88      0.93         8
       645.0       1.00      1.00      1.00         8
       646.0       1.00      1.00      1.00         8
       647.0       0.89      1.00      0.94         8
       648.0       0.98      0.96      0.97        51
       649.0       1.00      1.00      1.00         8
       650.0       1.00      0.88      0.93         8
       651.0       1.00      1.00      1.00         8
       652.0       1.00      1.00      1.00         8
       653.0       1.00      1.00      1.00         8
       654.0       0.89      1.00      0.94         8
       655.0       1.00      1.00      1.00        15
       656.0       1.00      1.00      1.00         8
       657.0       1.00      1.00      1.00         8
       658.0       1.00      0.94      0.97        65
       659.0       1.00      1.00      1.00         8
       660.0       1.00      1.00      1.00         8
       661.0       1.00      1.00      1.00         8
       662.0       1.00      1.00      1.00         8
       663.0       1.00      1.00      1.00         8
       664.0       1.00      1.00      1.00         8
       665.0       1.00      1.00      1.00         8
       666.0       1.00      1.00      1.00        15
       667.0       1.00      1.00      1.00         8
       668.0       0.93      0.93      0.93        15
       669.0       1.00      1.00      1.00        15
       670.0       1.00      1.00      1.00         8
       671.0       1.00      1.00      1.00         8
       672.0       1.00      1.00      1.00         8
       673.0       1.00      1.00      1.00         8
       674.0       1.00      0.94      0.97        36
       675.0       1.00      1.00      1.00         8
       676.0       1.00      1.00      1.00         8
       677.0       1.00      1.00      1.00        15
       678.0       0.89      1.00      0.94         8
       679.0       0.89      1.00      0.94         8
       680.0       1.00      1.00      1.00        15
       681.0       0.99      0.94      0.96       231
       682.0       1.00      1.00      1.00        36
       683.0       1.00      1.00      1.00        22
       684.0       1.00      1.00      1.00         8
       685.0       1.00      1.00      1.00         8
       686.0       1.00      1.00      1.00         8
       687.0       0.97      1.00      0.99        36
       688.0       1.00      1.00      1.00         8
       689.0       1.00      1.00      1.00        22
       690.0       1.00      1.00      1.00         8
       691.0       1.00      1.00      1.00         8
       692.0       1.00      0.94      0.97        51
       693.0       1.00      1.00      1.00        29
       694.0       0.95      0.95      0.95        22
       695.0       1.00      1.00      1.00         8
       696.0       1.00      1.00      1.00         8
       697.0       1.00      1.00      1.00         8
       698.0       1.00      1.00      1.00         8
       699.0       1.00      1.00      1.00         8
       700.0       1.00      1.00      1.00         8
       701.0       1.00      1.00      1.00         8
       702.0       1.00      0.87      0.93        15
       703.0       1.00      1.00      1.00        15
       704.0       1.00      1.00      1.00         8
       705.0       1.00      0.88      0.93         8
       706.0       1.00      0.88      0.93         8
       707.0       1.00      1.00      1.00         8
       708.0       1.00      1.00      1.00         8
       709.0       1.00      0.88      0.93         8
       710.0       1.00      1.00      1.00         8
       711.0       0.89      1.00      0.94         8
       712.0       1.00      1.00      1.00         8
       713.0       0.95      0.97      0.96        65
       714.0       1.00      0.97      0.98        58
       715.0       1.00      1.00      1.00         8
       716.0       1.00      1.00      1.00         8
       717.0       1.00      0.88      0.93         8
       718.0       1.00      1.00      1.00         8
       719.0       1.00      1.00      1.00        15
       720.0       0.89      1.00      0.94         8
       721.0       0.80      1.00      0.89         8
       722.0       1.00      1.00      1.00         8
       723.0       0.88      1.00      0.94        15
       724.0       1.00      1.00      1.00         8
       725.0       1.00      1.00      1.00         8
       726.0       1.00      1.00      1.00        15
       727.0       1.00      1.00      1.00         8
       728.0       1.00      1.00      1.00         8
       729.0       0.97      0.97      0.97        36
       730.0       1.00      0.94      0.97        36
       731.0       1.00      1.00      1.00         8
       732.0       1.00      0.88      0.93         8
       733.0       1.00      1.00      1.00        15
       734.0       1.00      1.00      1.00         8
       735.0       1.00      1.00      1.00         8
       736.0       1.00      1.00      1.00         8
       737.0       1.00      0.88      0.93         8
       738.0       1.00      1.00      1.00         8
       739.0       1.00      0.88      0.93         8
       740.0       1.00      0.93      0.97        15
       741.0       1.00      1.00      1.00         8
       742.0       1.00      1.00      1.00         8
       743.0       1.00      1.00      1.00         8
       744.0       1.00      1.00      1.00         8
       745.0       1.00      1.00      1.00         8
       746.0       1.00      0.91      0.95        22
       747.0       1.00      1.00      1.00         8
       748.0       1.00      1.00      1.00         8
       749.0       1.00      1.00      1.00         8
       750.0       1.00      0.98      0.99        58
       751.0       1.00      1.00      1.00         8
       752.0       0.98      0.96      0.97        51
       753.0       1.00      1.00      1.00         8
       754.0       1.00      1.00      1.00        22
       755.0       1.00      1.00      1.00         8
       756.0       1.00      0.47      0.64        15
       757.0       1.00      1.00      1.00        15
       758.0       1.00      0.88      0.93         8
       759.0       1.00      1.00      1.00         8
       760.0       1.00      1.00      1.00         8
       761.0       1.00      1.00      1.00         8
       762.0       1.00      1.00      1.00         8
       763.0       1.00      1.00      1.00         8
       764.0       1.00      0.88      0.93         8
       765.0       1.00      1.00      1.00         8
       766.0       1.00      1.00      1.00         8
       767.0       1.00      0.88      0.93         8
       768.0       1.00      0.87      0.93        15
       769.0       1.00      1.00      1.00        15
       770.0       1.00      0.97      0.98        29
       771.0       1.00      1.00      1.00         8
       772.0       1.00      1.00      1.00         8
       773.0       1.00      1.00      1.00         8
       774.0       0.94      1.00      0.97        15
       775.0       1.00      1.00      1.00        15
       776.0       1.00      1.00      1.00         8
       777.0       1.00      1.00      1.00         8
       778.0       0.89      1.00      0.94         8
       779.0       1.00      1.00      1.00        15
       780.0       0.67      1.00      0.80         8
       781.0       0.89      1.00      0.94         8
       782.0       1.00      1.00      1.00         8
       783.0       1.00      1.00      1.00         8
       784.0       1.00      1.00      1.00         8
       785.0       1.00      1.00      1.00         8
       786.0       1.00      1.00      1.00         8
       787.0       0.93      0.97      0.95        29
       788.0       1.00      0.91      0.95        22
       789.0       1.00      1.00      1.00         8
       790.0       1.00      1.00      1.00         8
       791.0       0.97      1.00      0.98        29
       792.0       1.00      1.00      1.00         8
       793.0       1.00      1.00      1.00        15
       794.0       0.89      1.00      0.94         8
       795.0       1.00      1.00      1.00         8
       796.0       1.00      1.00      1.00         8
       797.0       0.89      1.00      0.94         8
       798.0       0.89      1.00      0.94         8
       799.0       1.00      1.00      1.00         8
       800.0       1.00      0.88      0.93         8
       801.0       1.00      0.75      0.86         8
       802.0       1.00      0.91      0.95        58
       803.0       1.00      1.00      1.00         8
       804.0       1.00      1.00      1.00         8
       805.0       1.00      1.00      1.00         8
       806.0       1.00      1.00      1.00         8
       807.0       1.00      0.87      0.93        15
       808.0       1.00      0.88      0.93         8
       809.0       1.00      1.00      1.00        22
       810.0       0.94      1.00      0.97        15
       811.0       1.00      1.00      1.00         8
       812.0       1.00      1.00      1.00        15
       813.0       1.00      1.00      1.00         8
       814.0       1.00      1.00      1.00         8
       815.0       1.00      1.00      1.00         8
       816.0       1.00      1.00      1.00         8
       817.0       1.00      1.00      1.00        15
       818.0       1.00      1.00      1.00        15
       819.0       1.00      1.00      1.00         8
       820.0       1.00      1.00      1.00         8
       821.0       1.00      1.00      1.00         8
       822.0       1.00      1.00      1.00         8
       823.0       1.00      1.00      1.00         8
       824.0       1.00      1.00      1.00         8
       825.0       1.00      1.00      1.00        15
       826.0       1.00      1.00      1.00         8
       827.0       1.00      1.00      1.00         8
       828.0       0.96      1.00      0.98        22
       829.0       1.00      0.88      0.93         8
       830.0       1.00      1.00      1.00         8
       831.0       0.89      1.00      0.94         8
       832.0       1.00      0.88      0.93         8
       833.0       1.00      1.00      1.00         8
       834.0       1.00      1.00      1.00         8
       835.0       1.00      1.00      1.00         8
       836.0       1.00      1.00      1.00        15
       837.0       1.00      1.00      1.00         8
       838.0       1.00      1.00      1.00         8
       839.0       1.00      1.00      1.00         8
       840.0       1.00      1.00      1.00         8
       841.0       0.89      1.00      0.94         8
       842.0       0.89      1.00      0.94         8
       843.0       1.00      1.00      1.00         8
       844.0       1.00      0.95      0.98        44
       845.0       1.00      1.00      1.00         8
       846.0       1.00      1.00      1.00         8
       847.0       1.00      0.97      0.98        29
       848.0       1.00      1.00      1.00         8
       849.0       1.00      0.95      0.98        22
       850.0       1.00      1.00      1.00         8
       851.0       0.89      1.00      0.94         8
       852.0       1.00      1.00      1.00        15
       853.0       0.89      1.00      0.94         8
       854.0       1.00      1.00      1.00        15
       855.0       0.97      0.98      0.97       159
       856.0       1.00      1.00      1.00         8
       857.0       1.00      1.00      1.00         8
       858.0       1.00      1.00      1.00         8
       859.0       1.00      1.00      1.00         8
       860.0       1.00      1.00      1.00         8
       861.0       0.97      1.00      0.98        29
       862.0       1.00      1.00      1.00        15
       863.0       1.00      1.00      1.00         8
       864.0       0.89      1.00      0.94         8
       865.0       1.00      1.00      1.00        36
       866.0       1.00      1.00      1.00         8
       867.0       1.00      1.00      1.00         8
       868.0       1.00      0.93      0.97        15
       869.0       1.00      0.95      0.98        22
       870.0       1.00      1.00      1.00         8
       871.0       1.00      1.00      1.00         8
       872.0       1.00      1.00      1.00        29
       873.0       0.96      1.00      0.98        22
       874.0       0.91      1.00      0.95        51
       875.0       1.00      1.00      1.00        15
       876.0       0.95      1.00      0.97        36
       877.0       1.00      1.00      1.00         8
       878.0       0.96      1.00      0.98        22
       879.0       1.00      1.00      1.00        29
       880.0       1.00      1.00      1.00         8
       881.0       1.00      1.00      1.00        15
       882.0       1.00      1.00      1.00        15
       883.0       1.00      1.00      1.00         8
       884.0       1.00      1.00      1.00        15
       885.0       1.00      1.00      1.00        15
       886.0       1.00      0.88      0.93         8
       887.0       1.00      1.00      1.00        15
       888.0       1.00      1.00      1.00         8
       889.0       1.00      0.87      0.93        15
       890.0       0.97      0.97      0.97       144
       891.0       0.97      0.96      0.97        80
       892.0       1.00      1.00      1.00         8
       893.0       1.00      1.00      1.00         8
       894.0       0.88      1.00      0.94        15
       895.0       1.00      1.00      1.00         8
       896.0       1.00      1.00      1.00         8
       897.0       1.00      0.88      0.93         8
       898.0       1.00      0.97      0.99        36
       899.0       0.97      1.00      0.98        29
       900.0       1.00      0.93      0.97        15
       901.0       1.00      1.00      1.00         8
       902.0       1.00      1.00      1.00         8
       903.0       0.99      0.98      0.99       159
       904.0       1.00      0.93      0.97        15
       905.0       1.00      0.88      0.93         8
       906.0       0.83      1.00      0.91        15
       907.0       1.00      1.00      1.00         8
       908.0       1.00      0.93      0.97        15
       909.0       1.00      1.00      1.00         8
       910.0       1.00      1.00      1.00         8
       911.0       1.00      1.00      1.00         8
       912.0       1.00      1.00      1.00         8
       913.0       1.00      0.88      0.93         8
       914.0       1.00      0.75      0.86         8
       915.0       1.00      1.00      1.00         8
       916.0       1.00      1.00      1.00         8
       917.0       1.00      1.00      1.00         8
       918.0       1.00      0.90      0.95        29
       919.0       1.00      1.00      1.00        15
       920.0       1.00      1.00      1.00         8
       921.0       1.00      0.93      0.96        29
       922.0       1.00      0.88      0.93         8
       923.0       1.00      1.00      1.00         8
       924.0       0.98      1.00      0.99        58
       925.0       1.00      1.00      1.00        15
       926.0       0.94      1.00      0.97        15
       927.0       0.89      1.00      0.94         8
       928.0       1.00      0.93      0.96        29
       929.0       1.00      1.00      1.00        22
       930.0       1.00      1.00      1.00         8
       931.0       1.00      1.00      1.00         8
       932.0       1.00      1.00      1.00         8
       933.0       1.00      1.00      1.00         8
       934.0       0.96      0.93      0.95        29
       935.0       1.00      1.00      1.00         8
       936.0       1.00      0.88      0.93         8
       937.0       1.00      0.93      0.97        15
       938.0       1.00      1.00      1.00         8
       939.0       1.00      1.00      1.00         8
       940.0       1.00      1.00      1.00         8
       941.0       1.00      1.00      1.00         8
       942.0       1.00      1.00      1.00         8
       943.0       0.89      1.00      0.94         8
       944.0       1.00      0.91      0.95        22
       945.0       1.00      0.95      0.98        22
       946.0       1.00      1.00      1.00         8
       947.0       0.94      1.00      0.97        15
       948.0       1.00      1.00      1.00         8
       949.0       1.00      1.00      1.00         8
       950.0       1.00      1.00      1.00        15
       951.0       1.00      1.00      1.00         8
       952.0       1.00      1.00      1.00        15
       953.0       1.00      1.00      1.00         8
       954.0       0.90      0.98      0.94        58
       955.0       0.94      1.00      0.97        15
       956.0       1.00      1.00      1.00         8
       957.0       1.00      1.00      1.00        29
       958.0       1.00      1.00      1.00         8
       959.0       1.00      1.00      1.00         8
       960.0       0.89      1.00      0.94         8
       961.0       1.00      1.00      1.00         8
       962.0       1.00      1.00      1.00         8
       963.0       1.00      1.00      1.00        15
       964.0       1.00      1.00      1.00         8
       965.0       1.00      1.00      1.00         8
       966.0       1.00      1.00      1.00         8
       967.0       0.73      1.00      0.84         8
       968.0       0.88      1.00      0.94        15
       969.0       1.00      1.00      1.00         8
       970.0       1.00      1.00      1.00         8
       971.0       0.95      1.00      0.97        58
       972.0       1.00      1.00      1.00         8
       973.0       1.00      1.00      1.00         8
       974.0       1.00      1.00      1.00        15
       975.0       0.89      1.00      0.94         8
       976.0       0.94      1.00      0.97        15
       977.0       0.83      1.00      0.91        15
       978.0       1.00      1.00      1.00         8
       979.0       1.00      1.00      1.00         8
       980.0       1.00      1.00      1.00        15
       981.0       1.00      1.00      1.00         8
       982.0       0.90      0.99      0.94        94
       983.0       1.00      0.91      0.95        22
       984.0       1.00      1.00      1.00         8
       985.0       1.00      0.93      0.96        29
       986.0       1.00      0.88      0.93         8
       987.0       1.00      1.00      1.00         8
       988.0       1.00      1.00      1.00         8
       989.0       1.00      1.00      1.00         8
       990.0       1.00      1.00      1.00         8
       991.0       1.00      1.00      1.00         8
       992.0       1.00      1.00      1.00         8
       993.0       1.00      1.00      1.00        15
       994.0       1.00      0.88      0.93         8
       995.0       1.00      1.00      1.00         8
       996.0       1.00      1.00      1.00        22
       997.0       1.00      0.91      0.95        22
       998.0       1.00      1.00      1.00         8
       999.0       1.00      1.00      1.00         8
      1000.0       1.00      1.00      1.00         8
      1001.0       1.00      1.00      1.00         8
      1002.0       0.99      0.97      0.98        80
      1003.0       1.00      1.00      1.00         8
      1004.0       1.00      1.00      1.00        15
      1005.0       1.00      1.00      1.00        15
      1006.0       1.00      1.00      1.00         8
      1007.0       1.00      1.00      1.00         8
      1008.0       1.00      0.93      0.97        15
      1009.0       1.00      1.00      1.00         8
      1010.0       1.00      1.00      1.00         8
      1011.0       1.00      0.88      0.93         8
      1012.0       1.00      1.00      1.00         8
      1013.0       1.00      1.00      1.00         8
      1014.0       1.00      0.97      0.98        29
      1015.0       0.98      0.96      0.97        51
      1016.0       1.00      1.00      1.00         8
      1017.0       0.95      0.95      0.95        22
      1018.0       0.94      1.00      0.97        15
      1019.0       0.88      1.00      0.94        15
      1020.0       1.00      1.00      1.00         8
      1021.0       1.00      1.00      1.00         8
      1022.0       0.89      1.00      0.94         8
      1023.0       1.00      1.00      1.00         8
      1024.0       1.00      0.88      0.93         8
      1025.0       1.00      1.00      1.00         8
      1026.0       1.00      1.00      1.00         8
      1027.0       0.95      0.95      0.95        22
      1028.0       1.00      1.00      1.00         8
      1029.0       1.00      1.00      1.00         8
      1030.0       1.00      1.00      1.00         8
      1031.0       1.00      1.00      1.00         8
      1032.0       1.00      0.93      0.97        15
      1033.0       1.00      0.88      0.93         8
      1034.0       1.00      0.95      0.98        22
      1035.0       1.00      0.88      0.93         8
      1036.0       1.00      1.00      1.00         8
      1037.0       1.00      0.93      0.97        15
      1038.0       1.00      1.00      1.00         8
      1039.0       1.00      1.00      1.00         8
      1040.0       1.00      1.00      1.00         8
      1041.0       1.00      1.00      1.00         8
      1042.0       1.00      1.00      1.00         8
      1043.0       1.00      1.00      1.00         8
      1044.0       1.00      1.00      1.00         8
      1045.0       1.00      0.88      0.93         8
      1046.0       1.00      1.00      1.00         8
      1047.0       0.89      1.00      0.94         8
      1048.0       1.00      1.00      1.00         8
      1049.0       1.00      0.88      0.93         8
      1050.0       1.00      0.88      0.93         8
      1051.0       0.98      0.98      0.98        44
      1052.0       1.00      1.00      1.00         8
      1053.0       1.00      0.97      0.98        29
      1054.0       0.89      1.00      0.94         8
      1055.0       0.97      0.97      0.97        65
      1056.0       0.98      0.99      0.98       166
      1057.0       0.94      1.00      0.97        15
      1058.0       0.96      0.93      0.95        29
      1059.0       0.94      1.00      0.97        15
      1060.0       1.00      1.00      1.00         8
      1061.0       1.00      1.00      1.00         8
      1062.0       1.00      1.00      1.00         8
      1063.0       1.00      1.00      1.00         8
      1064.0       1.00      1.00      1.00         8
      1065.0       1.00      1.00      1.00         8
      1066.0       0.89      1.00      0.94         8
      1067.0       1.00      1.00      1.00         8
      1068.0       0.96      1.00      0.98        72
      1069.0       1.00      1.00      1.00        15
      1070.0       0.99      0.99      0.99        72
      1071.0       1.00      1.00      1.00         8
      1072.0       1.00      1.00      1.00         8
      1073.0       1.00      1.00      1.00         8
      1074.0       1.00      0.92      0.96       238
      1075.0       1.00      1.00      1.00         8
      1076.0       1.00      1.00      1.00         8
      1077.0       1.00      1.00      1.00         8
      1078.0       0.62      1.00      0.76         8
      1079.0       1.00      1.00      1.00        15
      1080.0       1.00      1.00      1.00         8
      1081.0       1.00      1.00      1.00        15
      1082.0       0.94      1.00      0.97        44
      1083.0       1.00      1.00      1.00         8
      1084.0       1.00      1.00      1.00         8
      1085.0       1.00      1.00      1.00         8
      1086.0       1.00      1.00      1.00         8
      1087.0       1.00      1.00      1.00         8
      1088.0       1.00      1.00      1.00         8
      1089.0       1.00      1.00      1.00         8
      1090.0       1.00      1.00      1.00         8
      1091.0       1.00      1.00      1.00         8
      1092.0       0.89      1.00      0.94         8
      1093.0       1.00      1.00      1.00        44
      1094.0       1.00      1.00      1.00        15
      1095.0       1.00      0.98      0.99        44
      1096.0       1.00      1.00      1.00        22
      1097.0       1.00      1.00      1.00         8
      1098.0       1.00      1.00      1.00         8
      1099.0       1.00      1.00      1.00         8
      1100.0       1.00      1.00      1.00         8
      1101.0       1.00      1.00      1.00         8
      1102.0       1.00      1.00      1.00         8
      1103.0       1.00      0.88      0.93         8
      1104.0       1.00      1.00      1.00         8
      1105.0       1.00      1.00      1.00         8
      1106.0       0.94      1.00      0.97        15
      1107.0       0.92      1.00      0.96        36
      1108.0       1.00      0.96      0.98        94
      1109.0       1.00      0.88      0.93         8
      1110.0       1.00      0.80      0.89        15
      1111.0       1.00      1.00      1.00         8
      1112.0       1.00      1.00      1.00         8
      1113.0       1.00      1.00      1.00         8
      1114.0       1.00      1.00      1.00         8
      1115.0       1.00      1.00      1.00         8
      1116.0       1.00      0.97      0.98        29
      1117.0       1.00      1.00      1.00         8
      1118.0       0.89      1.00      0.94         8
      1119.0       0.92      1.00      0.96        22
      1120.0       1.00      1.00      1.00         8
      1121.0       1.00      1.00      1.00         8
      1122.0       1.00      1.00      1.00         8
      1123.0       1.00      1.00      1.00         8
      1124.0       1.00      1.00      1.00         8
      1125.0       1.00      0.88      0.93         8
      1126.0       0.93      0.93      0.93        15

    accuracy                           0.98     17708
   macro avg       0.98      0.98      0.98     17708
weighted avg       0.98      0.98      0.98     17708
